9593
32781
14886
19537
24778
32782
16252
6595
13970
19703
29313
18759
19374
8641
11734
18277
6211
8385
19673
6127
11273
11706
12053
10698
295
14984
10273
5345
29833
11733
3432
9594
3813
32421
32646
32306
17199
5893
17916
31926
32291
24183
16836
19702
14569
19282
15846
4342
12603
6099
18315
16650
15795
10464
17393
9185
6445
13559
19586
6364
7858
10516
23284
10753
17321
5188
6611
3343
14825
31947
32119
11252
5129
8472
9164
7660
3271
19022
32640
28305
6881
658
596
17250
11982
9579
14231
10061
8494
10861
10087
13334
5827
17318
16656
19372
31946
19520
5446
9400
8601
16848
32754
17320
8402
7759
18301
15440
28339
10471
17354
7724
16539
19696
5861
17498
28278
27983
32274
18684
32268
5880
32314
18922
17394
18544
4516
3728
6908
15991
32643
28311
15060
7743
32694
5940
9262
18214
11981
11821
18355
4626
4037
4425
11065
10768
12800
32644
32317
6579
18545
15826
32260
10626
4034
3429
3918
3229
16970
4181
32304
18892
3997
18574
31971
3541
7939
14669
19701
12019
4555
9568
8563
10151
4825
19392
9938
740
18825
8909
14910
11789
4274
4239
8104
18785
7178
17552
5291
3191
17246
32288
4492
32289
10415
12932
12347
16038
394
10620
15161
6953
10956
32311
18307
611
11841
11947
6335
14149
18211
7681
4899
14324
3931
14983
15379
18200
17625
7288
10701
19109
32305
9637
6122
19416
3703
337
32137
16093
7283
72
11269
7852
4746
7238
15403
10331
27921
9789
13323
9907
10355
10417
10960
12918
16606
32154
6155
11695
27332
14209
9194
24286
25920
8253
9548
8114
11602
18798
12156
11017
3574
16648
13834
17910
11857
32310
19480
18416
32071
27922
18559
13971
8125
31945
9744
14871
35697
17806
14672
11840
18752
17011
18334
7529
6956
4684
6878
19230
13843
4751
12452
4109
12
13508
3521
18130
16037
6146
15339
11956
14966
19473
5365
9695
25128
9355
8902
13662
4799
19523
3283
8767
16095
12210
8340
8335
13776
11822
17316
9272
32416
32722
18007
15796
10386
11246
11015
9895
28186
19012
32255
335
4527
5835
31925
32118
14987
9499
26472
26470
19622
8836
18328
32307
16874
13825
12823
15406
24276
10029
5416
463
16396
6268
13934
18517
7195
12846
19091
16854
18460
10836
17361
19736
18021
18275
17493
19419
10414
369
16565
11787
11808
32282
9783
32285
10602
12036
3328
16809
18891
8511
31901
16508
13369
14067
32607
28426
14350
26469
8130
5313
19454
11603
13649
12831
17578
9338
18210
5395
13330
17088
18525
17244
4271
17262
15348
16036
13491
10897
16502
8401
10023
17637
5438
19253
9946
6828
7032
8102
8525
28066
15091
10586
24280
31961
10683
19670
19623
15041
10835
9761
9988
4061
17489
4752
5632
13921
9007
16401
5753
14338
15868
10968
10130
6464
28345
12034
32845
18442
19774
1025
6772
5629
11589
14049
5076
15754
17690
13467
5136
4136
15373
17657
15926
11640
3306
5875
14728
8292
16814
14184
11380
4009
32276
30023
16893
8214
4126
9736
7574
17317
18584
11931
5443
16176
15990
18411
16034
19598
13968
15208
18792
18550
18691
23633
15983
17905
21107
16548
14802
17406
5128
9256
5980
23218
19712
15407
17996
17995
15808
3208
3234
13988
3920
4077
12082
15997
14829
17103
14298
15382
18213
4628
16949
7774
16033
31980
13607
9466
3214
9226
14716
18546
16225
10517
15065
9958
15661
19417
28338
33234
11763
3892
15167
18852
28308
10665
27911
32139
14609
18444
9721
17148
19881
19402
28389
19588
14526
10882
9363
15353
14536
13815
17582
14408
10494
28288
9577
11665
16242
14621
7430
9853
12500
15367
17064
11524
3907
5747
5749
5141
5767
16987
6453
17922
12201
10623
12302
16360
4504
12509
5072
32270
10992
7232
17213
4048
18424
702
12092
11283
6711
15447
13655
17654
25129
10958
17417
15950
18012
18365
19643
32271
18289
4740
7004
16104
18567
32281
15802
13798
5122
15667
679
13502
26817
32312
28021
32298
6252
12956
18272
11556
6386
29135
17016
18402
27958
12175
12114
18505
19258
13515
24749
8224
10225
1099
18161
9215
5354
12744
15230
16658
4022
5243
4515
17256
17239
13488
14483
4164
17238
15726
17229
10991
13641
32129
16439
12462
6108
16741
8284
8311
18248
4232
15183
4073
10280
896
10478
16603
8143
19267
32720
14427
17171
8718
9821
17151
10185
17220
7040
9326
3836
11198
6148
16180
17225
17245
4880
9989
6572
17911
17979
5130
11990
3189
3594
7682
18481
8810
13244
17696
17713
17524
25991
31977
6323
7054
4820
10246
9575
14406
15192
6778
15330
13005
18085
11848
12797
17571
13551
8270
17503
11922
11401
18222
16963
15598
15427
16964
10936
11735
19430
5699
14017
10872
28239
18829
29258
19371
19009
28068
15160
29205
28241
6444
21021
7169
16212
10145
9119
3764
14971
328
14083
10354
8178
10512
19506
28146
32138