28338
28339
28341
28342
28343
28344
28345
28348
28350
28353
28354
28355
28356
28357
28358
28359
28360
28361
28365
28367
28369
28376
28377
28378
28388
28393
28394
28395
28396
28397
28399
31971
31972
31973
31974
31975
31976
31977
31978
31979
31981
31982
31983
31984
31985
31986
31989
31990
31991
31992
31995
31996
31997
32013
32050
32097
32159
32160
32161
32162
32163
32164
32165
32166
32167
32168
32356
32357
32358
32359
32413
32414
32415
32417
32418
32419
32557
32558
32560
32647
32694
32699
32746
32747
32809
36139
36449
36450
36961
36962
37006
37007
37008
37009
37010
37011
37012
37013
37014
37015
37016
37083
37084
37085
37086
37087
