745
746
747
880
881
882
884
885
886
6191
6192
7535
10749
10759
10760
10761
15085
15086
17454
17455
14886
9695
12016
16252
9594
6099
28311
6953
4899
9593
28241
36451
9579
7660
17320
32646
35697
8335
658
12744
11821
8641
9938
15795
6881
19109
4048
32643
18365
19374
32282
6211
5345
29313
7178
3918
31976
10753
6364
15846
8385
9958
32640
337
18852
11273
8472
4109
14669
13334
8340
19673
11947
26469
6772
8114
4136
6122
9164
19537
23286
4626
18545
32270
394
3574
19672
32298
9185
11377
17394
4164
32306
19586
5864
7759
10464
5940
9326
11734
3813
3703
10512
19392
32314
18355
18546
13773
10366
7724
32268
17321
6243
5129
6611
17199
32416
32607
14984
14569
17011
35829
32274
17250
19043
32291
4684
248
19282
3920
10861
4274
13662
6404
29833
10516
31926
8601
19702
31945
14970
28305
9499
10087
9548
13970
14536
8585
12932
5632
10623
12509
17004
3728
25920
28278
32305
17493
16095
12210
13834
32311
6908
11789
5579
18922
10768
4022
17239
32288
16539
15153
16603
295
17996
7288
14209
16180
14829
18301
32071
13242
9568
8494
3191
18460
14716
27922
11589
7238
12823
15747
15403
13551
11602
24778
28345
18210
12540
22101
9262
32421
32165
32166
11735
16033
10517
11733
13971
19009
19417
31983
3515
10145
16650
31946
19520
326
31961
19670
9721
19588
9761
13430
7758
4597
33270
29699
11086
13664
32413
12347
16885
9877
6579
28365
11524
5749
13784
11050
13559
18515
21233
7939
12034
11956
5427
19736
15373
369
15926
16094
18684
18914
16814
10620
13982
19446
11787
5827
16104
30023
6384
13776
8214
13442
32281
9836
17311
28091
13502
32275
10602
10260
17594
15762
18941
578
11857
8247
19605
11530
32304
11607
11269
15027
3997
17350
3183
16950
16508
14067
11065
28426
886
15208
14672
18161
19454
15983
18525
4515
17905
12019
11457
14480
32202
18328
13610
32307
5406
10626
18200
15060
9256
3429
13732
16606
4751
247
19267
12494
32154
17015
17151
10415
5416
8304
5948
16873
19762
4234
4273
17225
15339
17911
27925
12132
18486
16836
7681
9226
4799
9007
17538
7852
7649
16874
8496
8563
17309
13815
10151
11751
10494
11025
15330
11848
5291
4349
4775846
14983
18713
36217
18684
32071
36962
28345
36746
36745
11734
11733
16252
19374