48
580
3439
3440
3441
3442
3443
3444
3445
3446
3447
3448
3449
3450
3451
3497
3501
3519
3521
3522
3524
3525
4120
4857
5262
5263
5887
6472
6475
6476
6477
6860
6880
6891
6914
6915
6950
7002
7012
7081
7082
7083
7128
7172
7285
7586
7670
7671
7726
7757
7790
7799
7860
7907
7908
7972
7973
8016
8017
8018
8019
8030
8112
8184
8362
8555
8575
8778
8953
8969
9103
9105
9138
9272
10230
10291
10383
10762
10763
11159
11453
11555
11679
11948
11949
11950
11952
11953
12273
12274
12275
12277
12282
12283
12284
12285
12286
12287
12288
12289
12290
12291
12292
12293
12294
12295
12296
12297
12298
12299
12300
12301
12302
12303
12304
12305
12306
12308
12309
12310
12311
12312
12313
12314
12315
12316
12317
12318
12319
12320
12321
12322
12323
12324
12362
13688
13689
13690
13692
13693
13694
13695
13696
13698
13699
13700
13701
13702
13703
13704
13705
13706
13707
13708
13709
13710
13711
13712
13713
13714
13715
13716
13717
13718
13719
13951
13952
14018
14061
14078
14340
14814
14815
15136
15915
16255
16256
16257
16258
16259
16260
16261
16262
16264
16268
16269
16270
16271
16272
16273
16274
16275
16277
16278
16279
16280
16281
16282
16283
16284
16285
16286
16287
16288
16289
16290
16291
16292
16293
16295
16296
16297
16298
16299
16300
16301
16302
16304
16305
16306
16307
16308
16309
16311
16312
16314
16315
16316
16318
16319
16320
16322
16323
16324
16325
16326
16328
16329
16330
16331
16332
16333
16334
16335
16336
16338
16339
16342
16343
16344
16345
16347
16350
16351
16352
16354
16355
16356
16357
16358
16359
16360
16361
16362
16363
16364
16366
16367
16368
16370
16371
16372
16373
16374
16375
16378
16379
16380
16381
16382
16383
16386
16387
16388
16391
16415
16647
17641
18555
18557
18768
18908
19175
19227
19947
20006
20228
20259
20276
20576
20577
20580
20692
20769
20865
21135
21233
21234
21235
21236
21238
21240
21297
21349
21355
21362
21501
21503
21504
21505
21608
21614
21615
21653
21654
21668
21700
21701
21766
21809
21871
21872
21873
22179
22438
22531
22534
22789
22857
22898
22900
22949
23103
23105
23193
23261
23372
23374
23375
23382
23842
24063
24081
24446
24451
25054
25055
25133
25340
25428
25450
25760
25866
26374
26380
26503
26654
26750
26813
26862
27463
27900
29604
29605
29607
30666
32679
33208
33209
33210
35924
